11111111111 265.
1111111111111 252.
2111111111 252
1111112114.
1111111111 268.
2111111111 119.
2111111111] 151.
21111111111 221.
11111111 41.
2111111111 126
1211111111 22.
2111111111 122.
2111111111 218.
2111111111184.
1111111111 60.
1111111111 268.
1111111111 1116.
11111214.
111111111111 108.
211111 84.
211111111111 58.
11161111 91. 285.
2111111111 212.
1111111111 134.
111111215. 1
21111111111 150.
2111111111 251.
21111111 52.

Quercus 69.
0111111111 108.

11111111 251.
11111111 122.
mmmmm: 1.
11111111111 1.
11111111 45.
11111111 48.
1111111111 110.
1111111111 230.
3111111111 256.
1111111111 224.
1111111111 228.
111111111 33. 283.
1111111111111 130.
1111111111 30.
111111111111 32.
11111111 38.
1111111 104.
1111111 284.

· 2111111111111 216.
1111111111 116.

s 211111111111 211.

ludu.

1111111111 168.
1111111111111 118.
9111111111 151.
11111 61.
9111111111 14.
311111111111 242.
11111111111111 143.
1111111 22.
2111111111 210.
111111111ῑί1 121. 285.
111111111 84.
2111111111 231.
1111111 84.
1111111111 60.
1111111111 121.
Bubus 85.

11111111 195.
1111111 60.

1111111 218.
1111111111 181.
111111111 48.
31111111111111 198.

81111 221.
8111111 124.
8111111111- 214.
8111111 150.
8111111111 218.
8111111111 23.
8111111111 41.
81111 41.
8111111 155.
811111 214.
81111111 211.
81111111 160.
81111111 11. 282.
8111111111 44.
8111111111 45.

¹ 8111111 19.

811111 163.
81111111 163.
811111111111 31.
8111111111111 111.
8111111111111 219.
8111111111 41.
811111111111 41.
81111 15.
8111111111 111.
81111111 1116.
8111111111 55.
8111111111 65.
81111111 213.

8111111111 191.
8111111111 16.
81111111 81.
811111111 118.
Schrader· 123.
8111111111 180.
8111111111 188.
81111111111111 111.
8111111 238.
Semnum 2511.
8111111 248.
8111111111 24.
81111111 181.
811111111111 181.
8111111111111111 181.
8111111111 214.
81111111 112.
8111111111 14.
8111111111 211.
8111111 151,
81111111 44.
81111111 11.
8111111111 22.
8111111 234.
811111 112.

Sida 24.
81111111111 163.
8111111111 49.
8111111111111 159.
8111111111111 212.
8111111 36.
8111111111 250.
8111111 250.
81111111 188.
81111111 188.
81111111 188.
81113111 150.
8111111 159.
8111111 18.
81111111 231.
8111111 42.
81111111111111 143.
8111111111. 19.
8111111111 141.
8111111111111 122.
81111111 131.
8111111111 1511.
8111111111 268.

81111111 61.
811111 51.
8111111111 221.
811111111111 214.

 

