290 191191.

0111919 14. 0191191119 49. Caasipoarea 108.
0111199991111 118. 0999191119 188. 0199911 112.
019911 8. 282. 0191 73. 0191919 50.
0991919119 44. 09969911 182. 09199619911 102.
0916191111 71. 099109 109. 0111191 191.
01919111 195. 0911111919 188. 011996999 122.
099919 164. 0991199111 29. 01199919 255.
0991191111 26. 09111991119111 29. Cecropia 58.

01119 23. 09199119 164. 0911991147.
01961919 81. 0991119911 42. 0911919999 53.
0911111 52. 0999119911 257. 0919911 23.
Ragonio 117. 0919199119919 257. 091119 57.
0199199919 117. 0919991 65. 09996199 234.
096111919 77. 0919991919 42. 0999999919 74.
09191119 81. 284. 0991999969 160.
09119919 198. 09699161 5. 099699119 138.
0919119 30. 0199911 116. 0996911916991391
0119999111 5. 01999191919 78. 019119191119195
09169119 5. 0919999 74. 09111996911991 5.
norgia 40. 0911119 6. 091999 116.
0919911119 18. 01199169 267. 09911991 190
09111991 124. 0911119699 83. 284. 0699999199919 101.
09919119 209. 0911199999 210. 061919999111 103.
Bidens 155. 01111919 222. 091919111911156.
01199911 195. 0111191969 108. 069191999123.
019991119119 191. 0119961999 195. Charianrhus 103.
0119 8. 091996911991 38. 0690991699 275.
limam 6. 011999999 287. 09919199119 22.
0199119991 275. Caipcogoniam 93. chenopodium 22. 282.
01996919 195. 09199996911191 127. 0669119619125.
019119 263. 011999199199 90. 284. 0619999111 134.
09999911 5. 011999191699 85. Chione 133.
0996919111 60. 0991991111 171. 06191611 270.
0991111119 24. 019199111 222. 011911119919 65.
0961099619 114. 0991111111 761 0619119 229.
0916996911991 281. 0999111 38. 284. 069919111 133.
0911199 24. 0191919199 98. 061191916911919 156.
0911119111 28. 09191256. 091199911111119 84.
09991119 19. 0999999111 18. 0619996119999841
0911919111 208. 0111199919 6. 06199996191999 37.
0911911 141. 280. Capparis 6, 0611991199276.
0999196111 154. Capraria 182. 061999969119111 163.
0999699 214. 0199199111 188. 0699199 109.
099191991 229. 0111199119 255. 01919 15.
0919699989 43. 01901999919191944. 019911 251.
Β119691699196119 152 01191249. Cissampoios 5.
09999911 5. 011191 113. Cissus 35.
0119911 267. 011991191919 29. 0116919191991 216.
019919Ιί1 253. 0111999911119 21. , 011199 47.
oronam 253. 09991119 9. Clodium 242.
01919191 156. 09999191 81. 0199111119 22.
01991619911 283. · Cassia 79. 019911ιί9 1.

 

