20 11111111111111.

122. 8111111111(011111111ἰ1ι) 1111101111 01. «liugn.
p. 178. (1012007). 11.

123. 0111111111 (0111111011)11111181.(1111. 32ος
101. ,5811“.

124. 11111111110111111111) 1111111111 01. 11111.
1. 0000120011 11.

125. 0111111111 (0111110111) 1111111101. 11111. 1. 1
17ος (101. 2003ς2001ι 111.) 11. ’

126. 0111111111(8111111111111) 1111111101. 11. 101.
1.101.(101. 1127.) E.

127. 8111111111 (8111111111111) 11111 101., 01. 11111.
1. 170. (011. 2002). 11.

128. 0111111111(01111111111111) 1111111111 01. 11111.
1. 180. (001. 2008.) 11. ·

120. 01111 111111111101. 11. 101. 1. 100. (101. 1120).

130. 0111 (11111111) 111111111111 01. 111111. 1. 180.
(101. 10881. E.

131. Ῥ111(111111111)1111111111111 01. 11111. 1. 181.
(101. 1087. 11.

132. )1)1111111111111111111.. (101. 2010).

133. 01111111111 1111111111 101., 01111111. 1181.
101. 2011. 11.
i 131. )Ρ1111111111 ,,1111111111111 Poit.“ (Rich.)

135. 0111111111 1111111111111Ρ111. (101.) ,

130. 011111111111111111111111 01. 11. 101. 1. 101. ³
(Wr. 1077). E.

137. 1111111111 1111111111 Boius. (13.11111111011101.
11 11. 111111. 3001 101. ,,553,“ 2017.) 11.

138. 1111111111 1111111111 Lam. (Ε. 11111111 8111 1111.
148 d.; Wr. 2010).

130. 1111111111 11111110010111. 11; 0. 1111111011·-
1111 11111, 101. 20141 forma 111110111111 Ε. 1101111111 Wf,
2013: 111111111111 oblique oblongis integerrimis, 1111111111
i notum.
g 110. 1111111111 111111 111101. 1111111111 11111. 11.
Boius. et E. 1111111111 Rich. ex Lind. 17063 101. 017; Ε.
111111111ιοὶ111 Ρ1111. cub.)

111. 1111111111 1111111111 Ait. (Wr. 518,140; Ε.
1111011111ἱά11 Kth.) .

142. 1111111111 1111111111 11 (101. 550, 501).

143. 1111111111 1111111111111 1.. (Poeni, 011111,
0111111, 01111 1111. 148 ⁰3 101. 552, 112211· 111. ,01111-
1111111 111100 (Rich.)

 

