 

 

1111111111 211.
11111111 161.
11111111 191.
111 154.
11111 134.

11111111 51.
111111111111 28.
1111111 148.
1111111111 238.

1111111 166.
11111111 212.
11111111111 252.
1111111111 152.
1111111111 11.
1111111111 11.
1111111111 263.
111111 6.
11111111 115.
1111111 1 1 1.
1111111111 169.
11111111 215.
1111111111 152.
11111111 36.
1111111 235.
111111111111 18.
1111111111 111.
1111111111 156.
111111111 18.
1111111 228.
11111111111 69.
111111111 186.
1111111 226.
11111111111111 166.
111111111 261.
11111111 211.
11111111 211.
111111111 266.
1111111111 6.
1111111111 229.
11111 158.
1111111111 156.
11111111 82.
11111111111 18.
11111111 158.
111111111 256.

1111111111111111 181.

111111111111 218.
11111111 211.
1111111111 169.
1111111111 169.

1111111.

1111111 261.
1111111111 211.
111111 215.
1111111111 186.
1111111111 23.

· 1111111 114.

1111111 159.
1111111111 159.
11111111 215.
111111111111 11.
111111111111 119.
111111111 119.
1111111 165.
11111 130.
1161 112.
111111 39.
11111111 1,
1111111 265.
Lycium 188.

1111111111111 211.

1111111111] 211.
1111111111 213.
111111 56.
1111111111 281.
11111111111 161.
1111111] 166.

1111111111 195.
1111111111 212.
1111111111 139.
11111111 58.
111111111ιί1 261.
111111111ῑί1 169.
1111111111] 121.
1111111111111 2.
1111111111 26.
1111111111 112.
1111111111 12,
11111111111111 12.
111111 24.
1111111111 21.
111111111111 21.
111111111111 28.

. ’1111161111 116.

Mammea 38.

1111111111 136.
1111111111 68.
1111111111 235.
1111111 119.

11111111 256.
1111111111 41.
11111111 212.

11111111νί1 39.
111111111111111 39.
1111111111 134.
1111111 39.
1111111111 86.
1111111111 118.
11111111 211.
11111111111111 211.
1111111111 261.
1111111111 266. -
1111161111 265.
1111111 224.

, 1111111111 53.

1111111111 154.
11111111111111 93.
1111111111 41.
1111111111 46.
1111111111 16.
1111111111 116.
111111111 36.
1111111111 112.
1111111111] 218.

11111111111111 1.
1111111111 111.
1111111111 163.
1111111111 213.
1111111111 119.
1111111111 113. .
1111111111 18.
Μ1111111 98. 285.
111111111111111 183.
1111111111 214.
1111111111111 19.
1111111111 266.
11111111 22.
11111111 141286.
111111 63.

Milium 228.
11111111 81.
1111111111 164.
1111111111 24.
1111111111111 113.
1111111111 86.
111111111 136.
11111111 22.
6111111111 112.
1111111 138.
11111111 6.

ι 1111111111] 41.

1111111111 92.
Muenna 11.

1111111111 36.

 

