 

6166616 6.
816666666166 216.
11611666 50.
6161666 36.
8116661616 153.
(1111166116 00.
81116616 14.

816616 31.
(16116666161 11.

Coccoeypselum 124.
(1666616116 61. 283.

ludex.

8666661616616 112.
8666616 45.
8661166 104.
1166616116 2.
8666616 201,
(1161166 281.
1116111616 23.
omnm 211.
81666166 230.
6666616166 81.
8166616616 266.

(16611666666661 31. 281. 6166666 236.

86666 222.

Caelia 265.
1161166666 201.
(1616116166 34.
1161661666 201.
8666616616 108.
8666661616 100.
8666661666 222.
Gonnum 222. .
(1666616616 68.
8666666166 261.
Comum 211.
(lumnam 84
86666666 84.
8666666666 102.
6666666616 162.
6666616616 08.
86666116 200.

8666666666616 201.

8661666166 206.
(166166 140.
6616611666 284.
8666661616 220.
8666116666 30.
Gordia 208.
86666116 216.

, 1166666116 11.

Cosmus 155,
costus 256.
1166116616 18.
1166616116 268.
6666661666 102.
crescentia 101. ,
Crinum 250.
01116616 141.
8661616616 60. Α
Croton 11.
8666166616 5.
866666 143.
Cryptocarpus 23.

cypselea 22.

· 6616. 61.

Culum 52.
66166666 265.
8616661166] 265.

Dactyloaenium 230.
1161666316 18.
[16166 60.
1161666616ρί6 20.
066666 212.
[1661666616 110.
1161666 188.
06161116 214.
1166116 2.
0661166616 184.
0666661666 81.
0666661666 18.
01666116 250.
1116611666 106.
01611666 264.
1116666666 201.
1116166616 214.
0161161666 108.
Didymochlnena 218.
Digitum 231.
0666666616 2.
11166166 16.
11166116 141.
1116666666 281.
0166666666 251.
1116661666 168.
1116116Ιί6 164.
0161666116 08.
[1161666166 106.
0161666166 148.
01116 20.
Dodonae! 46.
Dolichos 16.
0606666666 2.

1166616616 58.
11666666 12.
0666661666 12.
1161616116 21.
06666166 15.
0666661666 100.
11666616 216.

86666616 108.
8661666666 218.
86166616666 234.
86111166 112.
8611616 154.
8616166 151.
81166116 200.
8161666616 253:
816666666666 54.
8161661666 112.
86166611 40.
816616616666 146.
Eleusine 230.
816166 152.
81166616 105.
8611116 151.
86616665.
866666 184.
Enhydra 153.
8616661666 180.
8616116 81.
8611661666] 201.
8666666611 212.
8661661661 212.
8666666116 221.
8666161ιί166 151.
8666616616 121.
8616616 50.
86166666 148,
8116666166 220.
8116611166 231.
8661661666 20.
86166666 14.

8666666666 41.-
86111166661666 41,

8666616 86. 284.
8666166666 115.

8661166116 20.

Rumonem 14.

. 86616616 180.

 

