292

Euterpe 212.
11111111 24.
1111111 264.
1111111111 207.
Excoeoaria 19.
1111111111 125.

11611111 112.
111111 48.
11111111 134.
1111111611 127.
Hesione 227.
11111111 113.
Ficus 57.
1111111 272.
1111111111 178.
11111111 156.
1111111 58.
11111111 15.
1111111111 169.
1111111111 172.
1111111111 250.
Fraxinus 170.
11111111 36.
1111111111 23.
1111111 242.

61111111 75.
6111111111 265.
6111111 48.
6111111111 43.
6111111111 112.
6111111 221.
6111 26.

Genipa 121.
6111111111 180.
61111111 222.
6111111111 139.’
61111611 182.
61111111111 198.
6111111 106.
611111 22.
6111111111 70.
6111111111 157.
6111111111 61. 180.
6111111 100.
6111111111 85.
Gomphia 36.

6111111111 23. ’

6111111111 177.

lodex.

6111111 55.

6111111 265.
6111111161 103.
6111111111 226.
61111111] 48.
611111 47.
61111111 29.
6111111111 131.
6111111111 78.
6111111111 37.
6111111111 255.
Gymnogramme 276.
61111111οή1 276.
6111116111 234.
6111111111 66.

1111111111 270.

11111111111111 78.
11111111111111 252.
111111111111 169.
[1111111111 108.
Homeiin 114.
Hepiopappns 149.
Harpalyce 71.
1111111111111111 78.
Hedera 117.
6111111111 66.
6111111111] 65.
61111111 130.
Heliconia 256.
1111111111 29.
Heliotropium 211.
Helosis 118.
Η1111111111 184.
1111111161 276.
11111111Ιί1 281.
Η11111 43.
Henoonia 166.
Η111111111 95.
Η1111111111 148.
Heroandia 112.
Herpestis 181.
11111111111111 252.
111111111111 104.
1111111111111 44.
Heterotriohum 98.
Hibieous 28.
Hieronymo 15.
1111111 127.

11111111 84.
Η1111111111 124.
6111111111 114.
1111111111 114.
11111111 66.
1111111111 111.
11111 19.
1111111111 12.
Hydroeotyie 118.
1111111111 267.
Hippomenen 267.
1111111111 195.
111111111111 234.
Hymenaee 80.
1111111111111111 273.
1111111111 46.
111111111111 39.
1111111111 39. .
111111111ὴί1 106.
1111111111 274.

11111111 250.
6111111 212.

laceranda 191.
Jaoquemoniia 266.
1111111111 163.
lambese 86.
11111111 17.
1111111111 16.
1111111 177.
leiea 66.

ilex 56. 283.
11111111 56.
1111111111 2.
0111111111 183.
imperata 136.
Indigetem 69.
Jonidiom 11.
Jonopsie 267.
ipomoea 201.
1111111 23.
1111111 251.
11111111 234.
isonia 124.
lenonia 107.
1111111111 156.
11111111 264.
{solome 160.

1111111111 68.

61111111 124.

6111111111111 160.
61111111 268.

Hippocraten 56. 283.
1111111111111111 56.

Hippomene 19.

lugiens 68.
1111111 250.
iuncos 250.

 

