1111111111 238.
11111 11.
1111111126.
111111 82. 281.
11111111 18.
1111111111 105.
11111111111111 153.
11111111 228.
1111111111 23.
1111111111 18.
1111111111 101.
11111111 222.
11111111ᾱὶ11 111.
1111111111 216.
111111 18.
1111111111 81.
1111111111 145.
11111111 211.
1111111253.
11111111216.
11111111 261.
111111111111 12.
11111 11.

11111 250.
agentum 115.
1111111111 18.
1111111111 11.
111111111 123.
111111 218.
1111111218.
1111111111 110.Ι
1111111121.
1111111111 201.
1111111111 281.
1111111111250.

1111111111 23. 283.

1111111111 50.

..υ-.-

1111111 123.
1111111111 23.
1111111111 21.
Amaryllis 250.
1111111111 21.
Ambrosia 151.
1111111111 69.
11111111 166.
1111111135.
111111111151.
1111111111 35.
1111111111111 186.
1111111111115.
11111166.
1111111111 68.
11111111 80.
1111111111 158.
111111111 236.
1111111 18.
Andromeda 51.
1111111111 220.
1111111111 235.
1111111111 111.
1111111 212.
1111111111 151.
1111111112. .
11111121.
111111111111 1.
111112.
1111111111 2.
1111111123.
111111111111 181.
1111111111 231.
1111111156.
1111111111 219.
1111111163.
1111111111 215.

1111111111 110.
1111111 251.
Auum 111.
111111111111 121.
misia 163.
11111111 21.
11111111 5.
1111111111 18.
11111111 220. ‚
11116111 228.
1111111111 111.
111111111111111 111.
11111111 218.
11111111 65.
1111111111 101.
Arthrostylidium 226.
1111111111 231.

- 1111111 221.

1111111111 118.
Asamum 113.
1111111111 111.

1111111, 10.

1111111 3.
1111111111 218.
1111111111 211.
1111111111 113.
11111 119.
1111111 80.
11111111 23. 282.
1111111111 80.
1111111111 11.
1111111111 211.
111111 28.
111111 211. ,

1111111111 150..
Bactris 222.

38

 

