204

Musa 255.
Musicen 255.
11111111 54. 288.
Murcia 86.

1111111 69.
11111111111111 198.
11111111111111 18.
11111111 162.
1111111111 162.

1111111111 85.
11111111 90.

Ν1111111 218.
111111 218.

Numa 208.
Ν11ῑιι1111111 5.
1111111111 111.
Nelumbium 282.
1111111111 111.
11111111 104. *
Neptunia 81.
Neuroiuenn 151.
1111111111 188.
Niduian‘uin 253.
Niphana 198.
0111111111 215.
1111111 5.
uicinum 24.
Nymphaea 5.
111111111111 5.

0111111111 30.
01111111 29.
01111111 212.
0111111111 260.
011111111ιί1 118.
011111111111 118.
0111111111 108.

011111 158.
011111111 118.

0111111ηά11 180. 285.

01111111 169.
01111111 216.
01111 229.
011111111 19.
0111111111 101.
01111111] 266.
011111111 214.
0111111111111 212.
Opuntia 116.
0111111111 251.

0111111111 112.

index.

01110111 222.
011111111111 265.
0111111111 231.
Orthosia 115.
0111111111 212.
011111 95.
onoma 65.
011111111 41.
01111 41.
01111111 4.
0111111111 111.

1111111 28.
11111111111 100.
111111111 4.
Pachyrrhizus 90.
111111111111 196.
111111111111 224.
1111111111 138.
1111111 220.
11111 118.
1111111111 250.
Punicum 282.
111111111111 5.
9111111111 118.
1111111111 286.
11116111 28.
1111111111 18.
Parthenium 158.
11111111 280.
1111111111 113. 285.
911111111111 118.
91111111 55.
9111111 10.
Poetis 156.
9111111111 20.
11111111 111.
1111111 269.
1111111111 18.
1111111111 234.
1111111111 199.
1111111111 68.
1111 20.

Persea 111.
1111111 216.
11111111 22.
111111 216.
111111 145.
Pharus 229.
9111111111 16.
911111 60.
1111111111 189.

111111111111 219.
Philoxenus 28. 288.
11111111εηί1 14.
Phoebe ill.
Phorndendron 120.
9116111111 15.
111111111111 118.
11111111Ιί1 189.
9111111 188.
91111111 210.
1111111111 22.
111111111111 22.
1111111111 50.
nundinum 68.
11111111 18.

11111 59.
1111111111 48.
11111111 91.
9111111111 162.
9111111111 152.
Pinus 211.
1111111111 68.
1111111111 81.
111111111 114. 285.
Pisonis 21. 288.
111111 220.
1111111111 258.
11111111111111 195.
91111111111111 83.
111111111111 160.
91111111 160.
9111111111 19.
1111111111111 101.
11111111111111 215,
1111111511111 251.
1111111 150
111111111111 160.
1111111111 189.
1111111111 111.
1111111111 211.
9111111113 11.
1311111111 18.
1111111 261.
91111111 116.
11111111 12.
1111111111 218.
11111111 12.
1111111111 12.
9111111111 80.
Polygonum 60.
111111ᾱί111 280.
111111111111 162.

 

