11666616116666.

19. 1111161111 (661611) ,6666161111 (111611.)

66. 6666166166 ,,6111611166Ρο11.“ (Κ111.)

61. 6616666666111. 1161116311. (1. 171. (111.)

62. 11611111 ,11161661 Kth.“ (111611.)

63. 1116661161,,161666116161.“ (111.,,67711666 Aa. 61.)

61. 6116166 (6616611116) 6166161111 L. (11161. 2163);
161. 71666111 1661( (111. 1977 6.)

66. 6116166 (6666111116) 1666666116 61. dioga. p. 171.
(111. 1966). Ε.

66. 666166 (6616611116) 116661111166 61. (11. 111. (1.
168. (111. 660, 1669, 196711.) E.

67. 666166 (6666611116) 11116161661666 111611. (a 61611·-
aazia 1111. (11. 111. (1. 168( 111. 666). Ε.

68. 6116166 (6616611116) 16616611161111.(6611166661
111616, 666 16111( 111. 1964). E.

69. 6116166 (6666611116) 61166166 11., 61. (11111. 169
(111. 664( C. 6166616661 niem)

66. 6116166 (6616611116) 1161166111116 61. (11. Wr. (1.
169. (111. 6611). E.

61. 666166 (6616611116) 666111661166 Lam. (111. 666).

62. 6116166 (6666611116) 1111116611 (111. 1966).

’ 63. 6116166 (6666611116) 161166111161166111, 61. «liugn.

(1.172.(111.1962). 11.

64. 6116166 (6616611116) 6661666616 1., 111611.. (111.

(16. 6116166 (6666611116) 6616166616161166 61. 1116311.
(1. 173. (111. 1963). 11.

66. 6116166 (6666611116) 1611166666 Wr., 66111636. p.
173. (111. Ε. ’

67. 666166611116116) 611616111616111. ex deser. (111.

(18. 6116166 (61616116) 1616666616166111., 66111611.
(1. 173. (111. 1972). 11.

69. 6116166 (11616116) 1111161161161 66111681. (1. 173.
(111. 1969). E.

76. 6116166 (61616116) 666611161161166 61. 1111111. (1.
174. (111. 1968( Rug. 1661161.) E.

71. 6116166 (1116111116) 1666666661111., 611. 1111811. (1.
174. (111. 1976). E.

72. 6116166 (6166666111) 6661666 11. (16666.) 116116(
6166116( 1111111. 1866111. 667).

73. 6116166 (1111666111116111) 1661611111611. (Wr. 19603
6. 611161691661666161 ort.)

2

 

