296

811111111111 41.
8111111111111 22.
311111 260.
3111111111 132.
31111111111111 195.
311111011111 196.
811111111111 215.
8111111111 16.
8111111111 263.
3111111111111 269.
8111111111 132.
8111111111111 231.
3111111111011 43.
8111111111 223.
3111111111 134.
Strychnodaphne 112.
strychnos 110.
3111111111 13.
8111111111 161.
styrax 161.

Snaeda 23.

3111111 22.
3111111111 41.
8111111111 64.
3111111111 161.
311111111111 143.
81111111 181.
3111111111 156.

111111111111111 110.
11111111 215.
11111111 2.

11111111 22.
1111111011 30.
11111111 214.
111111 56.

1111111 192.
1111111111 69.
1111111111 95.
11111111111111 65.
Terminalia 109.
111111111111 33.
1111111111111111 35.
1111111111 2.

11111111 γ3.
1111111111 264.
1111111111 153. 266.
1111111111 44.
1111111111 93.
11111111 214. -

index.

Thalia 256.
1111111111 163.
111111111 23.
11111111 110.
11111111 46.
1111111 221.
1111111111 193.
1111111111 100.
1111111111111 196.
1111111 154.
11111111 30.
1111110111 253.
Tithonia 153.
1111111 43.
1111111 226.
111111111111 210.
Tradescantia 222.
Tragia 13.
1111111111111 112.
1111111111 22.
Tribulus 41.
1111111 14. 232.
1111111111 112.
11111111 41.
11111111111 235.
111111111111 213.
1111111111 261.
11111111111 145.
111111111 229.
1111111 151.
111Ιί1 3.
1111111111 44.
111111111 236.
11110111 41.
1111111111 221.
1111111101 30.
'frixis 159.
1111111 53.
11111111 03.
1111 159.
1111111 114.
annianum 114.
11111111 41.
11111111 201.
1111111161 111.
11111 220.
111111111 220.

011111111111 113.
011111 221.

unu-W

01111 26.
01111 59.
01111111 51.
0111111111 160.

1111111111 52.
1111111111 3.
Valeriana 143.
0111111111 143.
Vanesia 110.
1111111 261.
1111111 214.
1111111111 214.
1111111111 155. 231. .
Vemania 143.
11111 16.
11111111 154.
Vinea 111.
1111111111 11.
11111 216.
Vinaria 215.
111111 131.

11101111 163.
1111111111 30.
Wedeiia 154.
Weinmannin 111.
Wissadnia 25.
1111111111 23.
Wniifla 114.
Wuiisahiaegeiia 263.

Xanthiam 153.
1111111111 220.
11111111 113.
1111111111 252.
1111111111 231.
11111111 2.
1111111111 223.
111111 223.

111111 211.
211111111111 49.
21111111 256.
Zonanthus 130.
Zornia 12.
11111111 9.
1111111111 265.
111111111111 41.

 

