m 9111111.

11. 11111111111111 1111111181. (191. 916).

46. 11111111111111 11111111 Sw. (991. 918, 966)

17. 11111111111111 11111111 811.(991. 961).

18 91111111111111111811.(1118169,9918911962,
1.111·111111191.,11.111111119111.α.,1111181)

49. 611111111111111111111111. (9918971).

66. 6111111111111111111811.(9918971,1111111111
Plumiori 111111.) ,

61. 61111111 1111111111 11111. (1111111, 991. 896,

Β.11111,111111111111111., 111 Bon.) .
62. 611111111111111811. (911111, 11111.1871, 991.

63. 61111111 11111111111811. (11111111, 9918981864).

64. 61111111 11111111 811. (991. 966, 1861).

65. 1111111111 1111111111 111. (9911899).

611. 8111111111111111111111. (991. 1861).

67. 1111111111 1111111111111 Dry. (991. 9761), w.
1111111111 111111. (991. 9761).

68. 11111111 111111111111 811. (991. 871).

19. 11111111 11111111111111. (991. 1677).

66. 11111111 11111111 W. (991. 987).

61. 11111111 1111111111111.(11“11., 991. 991).

62. 11111111 1111111111 91. (611111, 991. 1678).
. 66. 11111111 1111111111 L. (991. 886).

64. 11111111 111111111111 W. (991. 882).

66. 11111111 111111111111111111. (6111, 991. 9941,
conferatur 11 lanam 111.)

66. 11111111 ,1111111111 811, 111. (991. 986, 9946,
¹⁰⁸⁰3 A 111111111119111., 1116, 111 111111) .

67. 1111111111 11111111111111 L. (991. 87911).

68. 11111111 1111111111116113. 1, 991. 999, 991).

6911111111 1111111111111. (991992, 993,1681,
A 1111111111» m, 11111 1111111.)

7611111111 1111111111111 111111. (6111, 991. 8791).
71. 11111111 11111111111111. (1111, 9911876).
Μ 72. 11111111 11111111 11111111 L. 111. 1116116111.

1. 988).
78. 1111111111 11111111 811. (6111, 11118, 991. 989).
71. 11111111 1111111811. (6111, 811986, 991. 878,
76. 11111111 1111111111 11111. (991. 877).
76. 6111111111111111 11. (991. 818, 819). 11.
77. 1111111111 11111191). (991. 891).

 

